0.9684 2.1933 0.4172 0.4120 0.0000
2.6753 1.3959 0.5247 0.1578 0.0000
2.5162 1.1373 0.4622 0.2586 0.0000
2.7022 0.9222 0.4055 0.3074 1.0000
2.5050 3.5003 0.4612 0.5332 0.0000
3.6396 0.0616 0.2615 0.2252 0.0000
4.0095 1.0873 0.2809 0.3415 0.0000
3.6964 2.6102 0.2141 0.5928 0.0000
4.5809 -0.1268 0.2469 0.3597 0.0000
4.7211 1.2193 0.4155 0.4064 1.0000
4.8160 -0.4253 0.1461 0.1603 0.0000
5.2417 -2.1662 0.3169 0.5132 0.0000
4.9403 0.2222 0.3154 0.4015 0.0000
5.5824 -1.5665 0.3468 0.3725 0.0000
6.9949 -1.0485 0.3129 0.2714 0.0000
6.7518 -3.3482 0.2561 0.2521 0.0000
7.5587 -2.8987 0.3132 0.3085 0.0000
6.6907 1.3220 0.5467 0.4407 1.0000
6.1654 -1.3665 0.5721 0.5377 0.0000
10.1725 -2.3571 0.3509 0.3552 0.0000
